0.5 0.05021283920903891 745 3608.5592181682587
0.505 0.04675456544374439 745 3609.4183089733124
0.51 0.031115464267858196 747 3604.2768766880035
0.515 0.028854494708554723 748 3600.2407953739166
0.52 0.025627405148152173 752 3604.927928686142
0.525 0.023514275744802693 754 3601.51508641243
0.53 0.021809288208862937 756 3608.5601115226746
0.535 0.021342587637279874 758 3606.520566225052
0.54 0.017949481772197236 759 3600.652008295059
0.545 0.018369356757158006 761 3603.3905758857727
0.55 0.023748641309407247 763 3602.0336661338806
0.555 0.017865143753387863 766 3600.618646144867
0.56 0.014007366305373314 771 3605.314553260803
0.565 0.013717396145633753 773 3600.5158722400665
0.5700000000000001 0.012051161850762217 776 3610.6411945819855
0.575 0.01117131793901533 776 3600.6329369544983
0.58 0.011100452010987031 778 3608.3716661930084
0.585 0.010305292747731273 778 3601.116789340973
0.59 0.00937208894685868 780 3609.053986787796
0.595 0.007715041376620484 768 3601.398053407669
0.6 0.007504773393993 732 3605.4450154304504
0.605 0.007477897099910726 783 3604.5956423282623
0.61 0.006944031730305638 787 3608.4919378757477
0.615 0.006105620617415236 788 3602.4284081459045
0.62 0.005967009421011871 790 3609.6213200092316
0.625 0.005273035682615151 792 3608.4955575466156
0.63 0.0076776058752130085 795 3600.38942694664
0.635 0.005561280101531705 796 3603.7693758010864
0.64 0.005179593866075042 797 3600.962630748749
0.645 0.004824502659707184 797 3607.749489545822
0.65 0.0058000138270268165 801 3601.848286151886
0.655 0.007094474481392863 803 3603.634301662445
0.66 0.008721444203183734 804 3605.761296272278
0.665 0.00818814233313878 805 3603.642924785614
0.67 0.005840707139734602 806 3607.2100200653076
0.675 0.0054741682283395736 806 3603.241989850998
0.6799999999999999 0.003842036907983136 807 3608.902218103409
0.685 0.0035931814422727236 807 3607.9228794574738
0.69 0.004509313468853369 808 3604.69819355011
0.6950000000000001 0.004230148718074085 808 3606.486587047577
0.7 0.0039691901938338795 809 3608.055335998535
0.7050000000000001 0.002772169478993808 810 3603.893621444702
0.71 0.0025943047694292117 810 3607.239328622818
0.715 0.002428376219290356 811 3601.7734870910645
0.72 0.0017270643112282337 812 3606.633392572403
0.725 0.0015937051223331548 812 3604.062436580658
0.73 0.0014866509395450238 812 3604.035222053528
0.735 0.0013870220959099498 813 3611.483999967575
0.74 0.001294292680418822 813 3606.945025205612
0.745 0.0016400704575131907 814 3611.6924307346344
0.75 0.001127615292635904 813 3602.9426877498627
0.755 0.0014419060804447892 814 3607.9085211753845
0.76 0.0013525026721073771 814 3601.7557847499847
0.765 0.0009184919972513299 815 3605.718941926956
0.77 0.0011736513978332771 816 3605.7190034389496
0.775 0.0011122841889197217 817 3601.450628757477
0.78 0.0004962217476895007 719 2771.931111574173
0.785 0.0004635529754587175 719 2744.161237478256
0.79 0.0004307199777621092 719 2660.727611541748
0.7949999999999999 0.00048341992517396463 611 1949.2820355892181
0.8 0.0004508091470047556 611 1949.9988286495209
0.8049999999999999 0.00042042187069482183 611 1956.4309389591217
0.81 0.0004838359234569211 516 1413.7875039577484
0.815 0.0004758870916390458 327 625.7259230613708
0.8200000000000001 0.00044631685116617247 327 626.292718410492
0.825 0.00041861214556729987 327 627.091794013977
0.8300000000000001 0.00049256821241493 304 528.7104592323303
0.835 0.00046200590463768354 304 528.5447561740875
0.8400000000000001 0.000474401956822697 242 329.5500283241272
0.845 0.0004458721361401065 242 332.06394958496094
0.8500000000000001 0.00041907470559749327 242 330.95988273620605
0.855 0.0004844559595738616 210 262.63210010528564
0.86 0.0004573664168177232 210 257.42708253860474
0.865 0.00043181596058451167 210 256.4594044685364
0.87 0.0004077162412074164 210 256.8688280582428
0.875 0.00038498403462128175 210 253.1087670326233
0.88 0.00048222655949523713 171 169.0498116016388
0.885 0.0004554961430635321 171 167.24261736869812
0.89 0.0004942911643889715 134 99.39722633361816
0.895 0.00047602095766810087 128 87.85917043685913
0.9 0.0004852066905928933 104 61.52908515930176
0.905 0.0004609566409648763 104 61.52487373352051
0.91 0.00043794175307857467 104 60.68712067604065
0.915 0.00041609827492497336 104 60.59880876541138
0.9199999999999999 0.0004945374272340402 87 41.515387296676636
0.925 0.0004712558256979745 87 41.42116975784302
0.9299999999999999 0.0004490897736911197 87 41.371052265167236
0.935 0.0004937766895772609 68 24.730575561523438
0.94 0.00047115527972319677 68 24.62983202934265
0.9450000000000001 0.00044958406813226296 68 24.570392608642578
0.95 0.0004980964534846192 56 16.68499732017517
0.9550000000000001 0.0004878304285128622 47 11.589736938476562
0.96 0.00048767596951801055 43 9.594303846359253
0.9650000000000001 0.0004672335144257498 43 9.720633029937744
0.97 0.0004476446116840254 43 9.737765073776245
0.9750000000000001 0.0004288774854972187 43 9.687900304794312
0.98 0.00041090055704338127 43 9.677918910980225
0.985 0.0003936827324943399 43 9.678729057312012
0.99 0.0003771935964832659 43 9.939126968383789
0.995 0.00036140354006772773 43 9.971796035766602
