0.5 0.8372166779140251 203 601.670774936676
0.5050505050505051 0.5392358779506202 204 604.5465860366821
0.51010101010101 0.5117239277415886 204 604.0658361911774
0.5151515151515151 0.4856988728512043 204 600.516446352005
0.5202020202020202 0.461076194930881 204 600.1398117542267
0.5252525252525253 0.4377764302615075 205 605.919956445694
0.5303030303030303 0.415724850525664 204 601.1180791854858
0.5353535353535354 0.39485116498712763 205 604.2626872062683
0.5404040404040404 0.3750892425440728 205 602.4395444393158
0.5454545454545454 0.35637685224037036 205 602.9594719409943
0.5505050505050505 0.3386554209276382 205 601.6700465679169
0.5555555555555556 0.32186980686997174 205 603.4994730949402
0.5606060606060606 0.3059680881745254 205 603.1740479469299
0.5656565656565656 0.2942942293496879 205 600.9508345127106
0.5707070707070707 0.17588227273568302 206 600.4696230888367
0.5757575757575758 0.10611829306481547 207 604.5765614509583
0.5808080808080808 0.10076587264077948 207 602.6560614109039
0.5858585858585859 0.09516944037409486 207 600.1367239952087
0.5909090909090909 0.0898964265896698 207 602.61740899086
0.595959595959596 0.08492751607045948 207 603.4561288356781
0.601010101010101 0.08024458461124429 208 602.5866060256958
0.6060606060606061 0.07583062308535364 207 600.2554252147675
0.6111111111111112 0.07166966653030914 207 600.3212814331055
0.6161616161616161 0.06774672790730303 208 602.7556395530701
0.6212121212121212 0.06404773621420948 208 601.7036530971527
0.6262626262626263 0.060559478654722575 208 601.7472240924835
0.6313131313131313 0.04140011758534293 210 603.4582870006561
0.6363636363636364 0.04906249601911932 71 61.89010190963745
0.6414141414141414 0.048334837204536005 68 56.43866205215454
0.6464646464646464 0.04602861676035302 68 56.37560677528381
0.6515151515151515 0.048719418952495853 43 23.317976236343384
0.6565656565656566 0.04651079880515366 43 23.720285415649414
0.6616161616161617 0.0444047981415233 43 22.950680017471313
0.6666666666666667 0.04886899831684852 35 16.687937259674072
0.6717171717171717 0.04680628873540711 35 16.737821340560913
0.6767676767676768 0.044832941070348346 35 16.676092624664307
0.6818181818181819 0.04294497376774166 35 16.666977882385254
0.6868686868686869 0.04113858841954859 35 16.724112033843994
0.6919191919191919 0.04857898748127392 30 13.392244577407837
0.696969696969697 0.04670377566105169 30 13.392591953277588
0.702020202020202 0.0449051179441563 30 13.399914264678955
0.7070707070707071 0.04978817721405577 22 7.1375367641448975
0.7121212121212122 0.04845819938575845 15 2.9028539657592773
0.7171717171717171 0.04687156827199346 15 2.909297466278076
0.7222222222222222 0.04533929691116679 15 2.901486873626709
0.7272727272727273 0.04970673282643808 12 1.9429130554199219
0.7323232323232324 0.048167833536955904 12 1.9461188316345215
0.7373737373737375 0.046678427311634324 12 1.9431989192962646
0.7424242424242424 0.04523684116076596 12 1.941727638244629
0.7474747474747475 0.04384146247986331 12 1.9453973770141602
0.7525252525252526 0.04249073666698411 12 1.9414830207824707
0.7575757575757576 0.04118316484688706 12 1.9423713684082031
0.7626262626262627 0.03991730169625057 12 1.9450185298919678
0.7676767676767677 0.04921931823103637 8 0.7484891414642334
0.7727272727272727 0.04786260612796954 8 0.7492446899414062
0.7777777777777778 0.04654508736252787 8 0.7501163482666016
0.7828282828282829 0.04526556910716834 8 0.7484829425811768
0.7878787878787878 0.04402289732124668 8 0.7492268085479736
0.7929292929292929 0.04281595542211373 8 0.7508625984191895
0.797979797979798 0.04164366292165873 8 0.75067138671875
0.803030303030303 0.04050497361438111 8 0.7475159168243408
0.8080808080808082 0.03939887662468681 8 0.748967170715332
0.8131313131313131 0.038324391815787257 8 0.7476999759674072
0.8181818181818182 0.03728057095050792 8 0.7475259304046631
0.8232323232323233 0.036266496032609286 8 0.7489209175109863
0.8282828282828283 0.03528127826371521 8 0.7477478981018066
0.8333333333333334 0.0343240570397302 8 0.7476785182952881
0.8383838383838385 0.033393998985098365 8 0.7490966320037842
0.8434343434343434 0.032490297023330374 8 0.7486250400543213
0.8484848484848485 0.031612169482298794 8 0.7485916614532471
0.8535353535353536 0.030758859232870403 8 0.7492609024047852
0.8585858585858586 0.02992963285947627 8 0.7480347156524658
0.8636363636363636 0.029123779861501255 8 0.7468786239624023
0.8686868686868687 0.02834061188378002 8 0.7487773895263672
0.8737373737373737 0.027579462494883637 8 0.746992826461792
0.8787878787878789 0.02685427572892677 8 0.747450590133667
0.8838383838383839 0.02613495398516964 8 0.7484838962554932
0.8888888888888888 0.02543576476755781 8 0.7467532157897949
0.893939393939394 0.02475612006139038 8 0.7465062141418457
0.898989898989899 0.04944871029018943 6 0.3788564205169678
0.9040404040404041 0.04849759563269942 6 0.3791837692260742
0.9090909090909092 0.047501314303135964 6 0.37905216217041016
0.9141414141414141 0.04657378680682822 6 0.3791472911834717
0.9191919191919192 0.045666803107217525 6 0.3793060779571533
0.9242424242424243 0.04484400251641986 6 0.37880778312683105
0.9292929292929293 0.0438914123929434 6 0.379425048828125
0.9343434343434344 0.04304374327532347 6 0.379453182220459
0.9393939393939394 0.04221468504683954 6 0.37958836555480957
0.9444444444444444 0.0414037914291094 6 0.37856030464172363
0.9494949494949496 0.04082888743720548 6 0.3785700798034668
0.9545454545454546 0.040047110364019915 6 0.3785247802734375
0.9595959595959596 0.039143588722253674 6 0.37813234329223633
0.9646464646464648 0.03839887777134425 6 0.37870073318481445
0.9696969696969697 0.03767034545862445 6 0.3784923553466797
0.9747474747474748 0.03695760835398222 6 0.378004789352417
0.9797979797979799 0.03626029296472937 6 0.37897729873657227
0.9848484848484849 0.03570381778909716 6 0.37839841842651367
0.98989898989899 0.03503430739692153 6 0.37765979766845703
0.994949494949495 0.034379394037970405 6 0.37850284576416016
1.0 0.033738752245912856 6 0.37863898277282715
