0.5 0.568324638753807 204 605.0542352199554
0.5050505050505051 0.5392358779506202 204 602.1316850185394
0.51010101010101 0.5117239277415886 204 602.0119383335114
0.5151515151515151 0.4856988728512043 205 604.3253054618835
0.5202020202020202 0.461076194930881 205 604.5230488777161
0.5252525252525253 0.4377764302615075 205 604.3616950511932
0.5303030303030303 0.415724850525664 205 604.804526090622
0.5353535353535354 0.39485116498712763 205 601.5545732975006
0.5404040404040404 0.3750892425440728 205 600.85191822052
0.5454545454545454 0.35637685224037036 205 600.7161374092102
0.5505050505050505 0.3386554209276382 205 600.130669593811
0.5555555555555556 0.32186980686997174 205 600.9561014175415
0.5606060606060606 0.3059680881745254 205 601.5552203655243
0.5656565656565656 0.18547529953964284 206 602.6352205276489
0.5707070707070707 0.11237867514509327 207 605.034999370575
0.5757575757575758 0.10611829306481547 207 601.5856239795685
0.5808080808080808 0.10076587264077948 208 604.2133169174194
0.5858585858585859 0.09516944037409486 208 602.5528290271759
0.5909090909090909 0.0898964265896698 208 604.098917722702
0.595959595959596 0.08492751607045948 207 600.6775643825531
0.601010101010101 0.08024458461124429 208 601.0025386810303
0.6060606060606061 0.07583062308535364 208 601.8396396636963
0.6111111111111112 0.07166966653030914 208 602.6518843173981
0.6161616161616161 0.06774672790730303 209 604.187108039856
0.6212121212121212 0.06404773621420948 209 604.0001451969147
0.6262626262626263 0.060559478654722575 209 603.6813745498657
0.6313131313131313 0.04140011758534293 210 601.2691893577576
0.6363636363636364 0.038964108986505916 210 600.0393490791321
0.6414141414141414 0.036673887513625596 210 600.2391061782837
0.6464646464646464 0.03471779569214225 210 601.0394396781921
0.6515151515151515 0.03268065215389227 210 600.599650144577
0.6565656565656566 0.03107179376712384 210 600.9992821216583
0.6616161616161617 0.033445567476126925 211 604.0711467266083
0.6666666666666667 0.03153704425776508 211 604.001706123352
0.6717171717171717 0.029740380197939613 211 603.1231698989868
0.6767676767676768 0.028339456790019923 211 602.3643293380737
0.6818181818181819 0.026457993123221207 211 603.918253660202
0.6868686868686869 0.024958026220140574 211 603.8387897014618
0.6919191919191919 0.023545494292164973 211 602.6096014976501
0.696969696969697 0.022215186956100346 211 602.639265537262
0.702020202020202 0.01789885394013826 212 604.2798504829407
0.7070707070707071 0.01686019309153086 212 601.6161046028137
0.7121212121212122 0.015882765937376433 213 602.7675631046295
0.7171717171717171 0.01496290420557392 213 602.8268389701843
0.7222222222222222 0.01409716328755777 213 603.1975691318512
0.7272727272727273 0.013282308326966707 212 600.500736951828
0.7323232323232324 0.012515301193315355 213 603.0695641040802
0.7373737373737375 0.011793288282907521 213 601.9405615329742
0.7424242424242424 0.011113589093109787 213 603.2668175697327
0.7474747474747475 0.010473685519715503 213 600.61514544487
0.7525252525252526 0.011764077340499274 214 601.1993188858032
0.7575757575757576 0.03621008343539453 217 603.1505165100098
0.7626262626262627 0.03458371816090937 217 602.8318445682526
0.7676767676767677 0.03303783801604267 217 601.5048904418945
0.7727272727272727 0.051931771152879225 218 603.8069474697113
0.7777777777777778 0.04972873838774781 218 602.7109234333038
0.7828282828282829 0.07220059503952515 219 602.9155011177063
0.7878787878787878 0.06923575084146374 219 600.4556813240051
0.7929292929292929 0.06636332638522 219 600.3871908187866
0.797979797979798 0.06366836662223369 219 600.6576256752014
0.803030303030303 0.06109641915045078 219 601.2687873840332
0.8080808080808082 0.05862092740388511 219 603.9196519851685
0.8131313131313131 0.004938581590673638 210 564.6944649219513
0.8181818181818182 0.004657657079766933 210 565.6025311946869
0.8232323232323233 0.004392936055609275 210 565.39874792099
0.8282828282828283 0.004143473860876546 210 574.6351356506348
0.8333333333333334 0.003908381549976257 210 574.595452785492
0.8383838383838385 0.004991859899608508 171 379.63468885421753
0.8434343434343434 0.004903408229824511 158 320.775887966156
0.8484848484848485 0.004976874608888113 128 196.9686028957367
0.8535353535353536 0.004919499675359863 104 134.76052474975586
0.8585858585858586 0.004669035926855443 104 134.4601058959961
0.8636363636363636 0.004431540448584811 104 134.38612842559814
0.8686868686868687 0.004206332752971288 104 133.64385962486267
0.8737373737373737 0.004863918378762154 87 92.04123640060425
0.8787878787878789 0.004630865040747046 87 91.34040141105652
0.8838383838383839 0.004970002334949069 71 58.553672075271606
0.8888888888888888 0.004792295129132035 68 52.699042558670044
0.893939393939394 0.004565294222934017 68 53.41963458061218
0.898989898989899 0.004982391378129281 56 37.10712218284607
0.9040404040404041 0.004987375428829559 43 22.080624103546143
0.9090909090909092 0.004773484543351996 43 21.853300094604492
0.9141414141414141 0.00456881467056516 43 21.661487340927124
0.9191919191919192 0.004372978603015421 43 21.695539951324463
0.9242424242424243 0.004185603414491377 43 21.50791907310486
0.9292929292929293 0.003981470048964654 43 21.42402195930481
0.9343434343434344 0.0038146371676654116 43 21.611416578292847
0.9393939393939394 0.004963293277626115 38 16.872899770736694
0.9444444444444444 0.004874499803281544 35 14.44900918006897
0.9494949494949496 0.004680439482007034 35 14.447805404663086
0.9545454545454546 0.004494309693378252 35 14.178927898406982
0.9595959595959596 0.004315780881887264 35 14.190780878067017
0.9646464646464648 0.004144537248802888 35 14.786375999450684
0.9696969696969697 0.0039802762113182785 35 14.475362062454224
0.9747474747474748 0.003822707872476738 35 14.496365785598755
0.9797979797979799 0.0036715545047680855 35 14.543894052505493
0.9848484848484849 0.003526550049214324 35 14.495678663253784
0.98989898989899 0.004941774022724173 30 11.584514141082764
0.994949494949495 0.00475948743693931 30 11.559459447860718
1.0 0.004584077953653152 30 11.465013980865479
