0.65 0.04940370592656423 43 15.663306713104248
0.655 0.04718515528839321 43 15.819023370742798
0.66 0.04506871967382466 43 15.793057441711426
0.665 0.04967878892900673 35 10.674369812011719
0.67 0.04760032710537968 35 10.707335233688354
0.6749999999999999 0.04561125266331392 35 10.709100723266602
0.6799999999999999 0.043707636199723864 35 10.710299015045166
0.6849999999999999 0.041885736118671135 35 10.671827554702759
0.69 0.04948274340777963 30 8.283190488815308
0.695 0.04769783476270845 30 7.143514394760132
