0.5 0.03469384282472817 748 3606.6814370155334
0.505 0.03217970824049486 748 3606.7754287719727
0.51 0.029547218280003573 750 3602.3682947158813
0.515 0.027620718657389975 752 3602.611032485962
0.52 0.02540823924685037 756 3609.5872004032135
0.525 0.02382787068756524 758 3609.614604473114
0.53 0.020889005284953004 759 3605.808249950409
0.535 0.020525761743443942 761 3607.2117145061493
0.54 0.027291194183102392 763 3602.2656564712524
0.545 0.020626894684777373 766 3603.6710290908813
0.55 0.015178905360209117 768 3609.5909950733185
0.555 0.015910153034587864 770 3602.4413783550262
0.56 0.01402673330622545 774 3602.206571817398
0.565 0.013001081290931148 777 3605.2773361206055
0.5700000000000001 0.012068042130665695 779 3610.1928033828735
0.575 0.011745266361476329 780 3607.78436422348
0.58 0.010893253721035919 781 3603.901601791382
0.585 0.011755934758617104 782 3607.372960090637
0.59 0.009365479143847952 783 3605.190283536911
0.595 0.007715041376620484 768 3610.2493464946747
0.6 0.0074578313083751005 741 3608.4800522327423
0.605 0.008780952066704836 786 3602.3513498306274
0.61 0.006929471170849017 790 3603.289671897888
0.615 0.006114676636196358 791 3600.2952127456665
0.62 0.005680042297772225 793 3609.444381713867
0.625 0.00499155578778142 750 3168.2199256420135
0.63 0.00498882867189906 614 2133.683759212494
0.635 0.004655323853564041 611 2100.2429037094116
0.64 0.004847055193278932 516 1527.9761154651642
0.645 0.0045255428133005775 516 1520.6644825935364
0.65 0.004988998726546417 322 657.2480154037476
0.655 0.004984748718598636 212 292.585444688797
0.66 0.004747404799702725 210 288.012166261673
0.665 0.004473623223317678 210 288.0716540813446
0.67 0.004215823716187627 210 288.32522106170654
0.675 0.004842727286636934 171 190.00133323669434
0.6799999999999999 0.004923307362895839 104 66.68627333641052
0.685 0.004941163177152156 47 12.998900651931763
0.69 0.004811539846572774 68 27.421980142593384
0.6950000000000001 0.004585360612474737 68 27.53229594230652
0.7 0.0049783715058226855 43 11.067221403121948
0.7050000000000001 0.0047573730178747204 43 11.033066511154175
0.71 0.004546428251630393 43 11.046866416931152
0.715 0.004345070242733898 43 11.059256792068481
0.72 0.004945099891808646 35 7.6125876903533936
0.725 0.004740878926823756 35 7.788040637969971
0.73 0.004545307706561975 35 7.806340456008911
0.735 0.004358010831719601 35 7.7941930294036865
0.74 0.004178629745016709 35 7.802743196487427
0.745 0.004006821957484735 35 7.811482667922974
0.75 0.004975509540446733 30 6.229639053344727
0.755 0.004811849283330813 30 6.186390399932861
0.76 0.0045168600233382854 30 6.239000082015991
0.765 0.004345108581201916 30 6.228460311889648
0.77 0.004960178210540506 22 3.2694616317749023
0.775 0.004915016400313351 18 2.202583074569702
0.78 0.004967134336784171 15 1.5409860610961914
0.785 0.00480895947764555 15 1.539677619934082
0.79 0.004642220730068656 15 1.543917179107666
0.7949999999999999 0.004494651883724376 15 1.5421562194824219
0.8 0.0043520278434376605 15 1.5365848541259766
0.8049999999999999 0.004895826536155415 12 0.914846658706665
0.81 0.004748337059296589 12 0.9141061305999756
0.815 0.0046054351798384 12 0.9124736785888672
0.8200000000000001 0.004466972208801904 12 0.9147708415985107
0.825 0.004356503431032776 12 0.9131455421447754
0.8300000000000001 0.004224986452120151 12 0.9119784832000732
0.835 0.0040975924346026826 12 0.914374828338623
0.8400000000000001 0.00397418479040352 12 0.9133245944976807
0.845 0.0038546318844696584 12 0.9119467735290527
0.8500000000000001 0.0049900811261715606 8 0.3508148193359375
0.855 0.004856762062128205 8 0.35103726387023926
0.86 0.004727167278965089 8 0.35019898414611816
0.865 0.004601188042449105 8 0.3501417636871338
0.87 0.004478718971857016 8 0.3508472442626953
0.875 0.004362014158562715 8 0.35000109672546387
0.88 0.00424621732026804 8 0.34985828399658203
0.885 0.004133632561269247 8 0.350269079208374
0.89 0.0040241668738648425 8 0.34982895851135254
0.895 0.003917730089414759 8 0.3497781753540039
0.9 0.003814234785719521 8 0.35073256492614746
0.905 0.0037135961976764997 8 0.3501012325286865
0.91 0.0036155296397357684 8 0.32971835136413574
0.915 0.0035203764494935977 8 0.3256242275238037
0.9199999999999999 0.0034278398105827045 8 0.32480335235595703
0.925 0.003337844798121747 8 0.3246021270751953
0.9299999999999999 0.003250318741058785 8 0.32550787925720215
0.935 0.00316519115001508 8 0.32502007484436035
0.94 0.003080805951438729 8 0.35018134117126465
0.9450000000000001 0.0030003159878261945 8 0.3505434989929199
0.95 0.0029220266180327525 8 0.34955692291259766
0.9550000000000001 0.002845875325778344 8 0.3494992256164551
0.96 0.0027718014525390687 8 0.35016465187072754
0.9650000000000001 0.0026997461391489396 8 0.3495967388153076
0.97 0.002629652269381726 8 0.3497731685638428
0.9750000000000001 0.0025627806940251106 8 0.35040807723999023
0.98 0.0024968569673315833 8 0.34975743293762207
0.985 0.0024317952350632445 8 0.34958648681640625
0.99 0.0023689516640294167 8 0.34996795654296875
0.995 0.002307808180608176 8 0.3494088649749756
