0.5 0.568324638753807 204 605.562664270401
0.5050505050505051 0.5392358779506202 204 602.7872231006622
0.51010101010101 0.5117239277415886 204 602.6566450595856
0.5151515151515151 0.4856988728512043 205 604.758139371872
0.5202020202020202 0.461076194930881 205 605.3000166416168
0.5252525252525253 0.4377764302615075 205 605.1321725845337
0.5303030303030303 0.415724850525664 205 605.1289422512054
0.5353535353535354 0.39485116498712763 205 602.2669661045074
0.5404040404040404 0.3750892425440728 205 601.5195083618164
0.5454545454545454 0.35637685224037036 205 601.3204634189606
0.5505050505050505 0.3386554209276382 205 600.8471982479095
0.5555555555555556 0.32186980686997174 205 601.7085525989532
0.5606060606060606 0.3059680881745254 205 602.4191982746124
0.5656565656565656 0.18547529953964284 206 603.4283330440521
0.5707070707070707 0.11237867514509327 207 605.7844889163971
0.5757575757575758 0.10611829306481547 207 602.1480469703674
0.5808080808080808 0.10076587264077948 207 600.9380431175232
0.5858585858585859 0.09516944037409486 208 603.8341155052185
0.5909090909090909 0.0898964265896698 207 600.6846194267273
0.595959595959596 0.08492751607045948 207 601.6441740989685
0.601010101010101 0.08024458461124429 208 601.1431348323822
0.6060606060606061 0.07583062308535364 208 602.7841236591339
0.6111111111111112 0.07166966653030914 208 603.7562789916992
0.6161616161616161 0.06774672790730303 208 600.2122356891632
0.6212121212121212 0.06404773621420948 208 600.8467798233032
0.6262626262626263 0.060559478654722575 209 604.030898809433
0.6313131313131313 0.04140011758534293 210 602.045503616333
0.6363636363636364 0.038964108986505916 210 600.5611934661865
0.6414141414141414 0.036673887513625596 210 601.1423461437225
0.6464646464646464 0.03471779569214225 210 601.6236593723297
0.6515151515151515 0.03268065215389227 210 601.207070350647
0.6565656565656566 0.03107179376712384 210 601.6589229106903
0.6616161616161617 0.029261398398546464 210 600.5270619392395
0.6666666666666667 0.027557772987695798 210 600.2188594341278
0.6717171717171717 0.029740380197939613 211 603.8583345413208
0.6767676767676768 0.028339456790019923 211 602.8802933692932
0.6818181818181819 0.02302570737173402 210 600.3030862808228
0.6868686868686869 0.021689181375363093 210 600.1206347942352
0.6919191919191919 0.023545494292164973 211 603.40882563591
0.696969696969697 0.022215186956100346 211 603.1605339050293
0.702020202020202 0.0209622110337382 211 600.8471746444702
0.7070707070707071 0.01686019309153086 212 602.210191488266
0.7121212121212122 0.015882765937376433 213 603.4105994701385
0.7171717171717171 0.01496290420557392 213 603.5031304359436
0.7222222222222222 0.01409716328755777 213 604.0849742889404
0.7272727272727273 0.013282308326966707 212 601.0822710990906
0.7323232323232324 0.012515301193315355 213 603.8859970569611
0.7373737373737375 0.011793288282907521 213 602.4959511756897
0.7424242424242424 0.011113589093109787 213 604.1101677417755
0.7474747474747475 0.010473685519715503 213 601.3316657543182
0.7525252525252526 0.011764077340499274 214 601.9726147651672
0.7575757575757576 0.03621008343539453 217 603.7463533878326
0.7626262626262627 0.03458371816090937 217 603.9818885326385
0.7676767676767677 0.03303783801604267 217 602.1500163078308
0.7727272727272727 0.031568226295153566 217 600.1562566757202
0.7777777777777778 0.030170896950841734 217 600.0931611061096
0.7828282828282829 0.07220059503952515 219 603.6226155757904
0.7878787878787878 0.06923575084146374 219 600.9635574817657
0.7929292929292929 0.06636332638522 219 601.342413187027
0.797979797979798 0.06366836662223369 219 601.0222761631012
0.803030303030303 0.06109641915045078 219 602.0155174732208
0.8080808080808082 0.03852264660774142 218 600.310971736908
0.8131313131313131 0.05627802552462619 219 604.3722298145294
0.8181818181818182 0.03544505464999609 218 600.749151468277
0.8232323232323233 0.034011776545877406 218 602.6241841316223
0.8282828282828283 0.019690009066213397 216 601.7874705791473
0.8333333333333334 0.018856450579657083 216 601.6837046146393
0.8383838383838385 0.018063390576157943 216 600.8910365104675
0.8434343434343434 0.017308667823729636 216 603.9842767715454
0.8484848484848485 0.0277703475908973 218 603.077582359314
0.8535353535353536 0.040827545117185476 219 601.2690801620483
0.8585858585858586 0.05626070657591283 221 601.010883808136
0.8636363636363636 0.05425433725592671 223 602.7832255363464
0.8686868686868687 0.052109385810523434 223 602.9431028366089
0.8737373737373737 0.035204127193383464 225 601.0951042175293
0.8787878787878789 0.048375173408043204 223 601.9574205875397
0.8838383838383839 0.046624487503073096 223 600.2305116653442
0.8888888888888888 0.04494708497381272 223 600.0250287055969
0.893939393939394 0.030394659603800698 224 602.1660361289978
0.898989898989899 0.029310698948888766 225 601.1726334095001
0.9040404040404041 0.028338706637117596 229 600.6699604988098
0.9090909090909092 0.005553432914241939 232 601.4610493183136
0.9141414141414141 0.005331399169264672 232 604.264809846878
0.9191919191919192 0.005119871387483984 232 604.0995721817017
0.9242424242424243 0.004918309481382405 232 600.9274260997772
0.9292929292929293 0.009322354974947777 231 600.1341254711151
0.9343434343434344 0.008926811268657207 231 602.5327157974243
0.9393939393939394 0.008607750637445363 231 600.23339676857
0.9444444444444444 0.0042044866978083505 232 600.6872692108154
0.9494949494949496 0.004045508807322877 232 603.9831688404083
0.9545454545454546 0.0038938223602353527 232 601.185177564621
0.9595959595959596 0.0037490605995940634 233 604.2996928691864
0.9646464646464648 0.003610876336268763 233 600.4622521400452
0.9696969696969697 0.0013762045310400258 234 602.4413576126099
0.9747474747474748 0.0033370185967937583 237 604.5166590213776
0.9797979797979799 0.003217028842595999 236 600.768696308136
0.9848484848484849 0.003102393664530796 236 602.8022952079773
0.98989898989899 0.0029928486798393625 236 601.0229098796844
0.994949494949495 0.005775832592588679 238 602.4023699760437
1.0 0.002793964668017949 239 600.6901481151581
