1 0.9 3.4906585039886595 0.05618691444396973
2 0.9 3.4906585039886595 0.05658125877380371
3 0.9 1.3950817523098327 0.10010266304016113
4 0.9 0.2767566376283288 0.1730499267578125
5 0.9 0.2767566376283288 0.27510929107666016
6 0.9 0.049257257807155605 0.4053971767425537
7 0.9 0.2174391109217887 0.5628302097320557
8 0.9 0.023965543963766163 0.7500851154327393
9 0.9 0.023965543963766163 0.9668169021606445
10 0.9 0.023965543963766146 1.2122166156768799
11 0.9 0.1392581173906496 1.405022382736206
12 0.9 0.017465472725696603 1.8774349689483643
13 0.9 0.017465472725696603 2.400261640548706
14 0.9 0.11785291491941798 2.751967430114746
15 0.9 0.01448675036587 3.136317014694214
16 0.9 0.08338315147852855 3.5446410179138184
17 0.9 0.08338315147852855 3.980196237564087
18 0.9 0.012891698919256898 4.45197868347168
19 0.9 0.012891698919256898 4.953844785690308
20 0.9 0.0670804990349174 5.468217372894287
21 0.9 0.0670804990349174 6.010319948196411
22 0.9 0.012037558374894671 6.595376968383789
23 0.9 0.053106394981320644 7.194370746612549
24 0.9 0.011956013921388621 7.83849573135376
25 0.9 0.011956013921388621 8.511735916137695
26 0.9 0.011956013921388618 9.214303731918335
27 0.9 0.04500084103203674 9.714986085891724
28 0.9 0.04500084103203674 10.235221862792969
29 0.9 0.04500084103203674 10.774128675460815
30 0.9 0.01038030765539232 11.342973947525024
31 0.9 0.03383243699534851 11.928391218185425
32 0.9 0.11391996277375326 12.520431756973267
33 0.9 0.11391996277375326 13.129864692687988
34 0.9 0.03536055358375852 13.759164333343506
35 0.9 0.006982269749819071 14.432725667953491
36 0.9 0.025804397902251006 15.10647201538086
37 0.9 0.025804397902251006 15.798940658569336
38 0.9 0.007018693852994407 16.527315616607666
39 0.9 0.024643702631139394 17.249993801116943
40 0.9 0.08157793648258174 17.988595485687256
41 0.9 0.08157793648258174 18.748880624771118
42 0.9 0.02550789117805124 19.526052236557007
43 0.9 0.005165396652678931 20.684399127960205
44 0.9 0.019318238140422724 21.498394012451172
45 0.9 0.019318238140422724 22.331624507904053
46 0.9 0.01931823814042272 23.18401050567627
47 0.9 0.005027898243331065 24.478065490722656
48 0.9 0.018852536373426234 25.7661292552948
49 0.9 0.018852536373426234 27.080732583999634
50 0.9 0.018852536373426237 28.42288589477539
51 0.9 0.018852536373426237 29.79651927947998
52 0.9 0.005218886857069369 30.80595088005066
53 0.9 0.005218886857069369 31.83681058883667
54 0.9 0.018074721661268695 32.86400771141052
55 0.9 0.018074721661268695 33.91221523284912
56 0.9 0.004936569441311288 35.001474380493164
57 0.9 0.004936569441311288 36.110530376434326
58 0.9 0.013631241230824081 37.20609641075134
59 0.9 0.04332991600569071 38.31316423416138
60 0.9 0.013966239787270043 39.44521880149841
61 0.9 0.013966239787270043 40.59552621841431
62 0.9 0.0049492098839752155 42.34690976142883
63 0.9 0.013782455998482969 43.54767918586731
64 0.9 0.013782455998482969 44.76628589630127
65 0.9 0.013782455998482969 46.003254652023315
66 0.9 0.040035126501682214 47.24990200996399
67 0.9 0.013835781302821317 49.073095083236694
68 0.9 0.004311719059009074 50.96263337135315
69 0.9 0.004311719059009074 52.87349033355713
70 0.9 0.013462061656301589 54.20051431655884
71 0.9 0.004268393008085557 56.17146635055542
72 0.9 0.009930924860019704 58.148640394210815
73 0.9 0.009930924860019704 60.15913701057434
74 0.9 0.03091932237565179 62.16649842262268
75 0.9 0.010143804667186578 64.20226979255676
76 0.9 0.010143804667186578 66.26734447479248
77 0.9 0.010143804667186578 68.36049437522888
78 0.9 0.004335840258145286 70.54639768600464
79 0.9 0.010379022354428433 72.04378056526184
80 0.9 0.02938671552196877 73.54763078689575
81 0.9 0.02938671552196877 75.06576728820801
82 0.9 0.029386715521968775 76.60451579093933
83 0.9 0.01063208288155986 78.16700267791748
84 0.9 0.02899335824421957 79.76486015319824
85 0.9 0.02899335824421957 81.37717628479004
86 0.9 0.010749166964260476 82.99644708633423
87 0.9 0.003769941014559325 85.37609934806824
88 0.9 0.007707516613552784 87.76151132583618
89 0.9 0.007707516613552784 90.17876124382019
90 0.9 0.003801427637444452 92.64632225036621
91 0.9 0.003801427637444452 95.14560127258301
92 0.9 0.007463426573971194 96.86681580543518
93 0.9 0.007463426573971194 98.60439085960388
94 0.9 0.021020291387174445 100.3761854171753
95 0.9 0.044059957682151665 102.16258931159973
96 0.9 0.07638557101288258 103.96586561203003
97 0.9 0.07638557101288258 105.79180431365967
98 0.9 0.044436692945481714 108.43434715270996
99 0.9 0.044436692945481714 111.10430812835693
100 0.9 0.044436692945481714 113.80212259292603
101 0.9 0.044436692945481714 116.53055596351624
102 0.9 0.02211450826336793 119.28614616394043
103 0.9 0.008405038085113763 122.07237005233765
104 0.9 0.003047598065348306 124.93055939674377
105 0.9 0.003047598065348306 127.80905771255493
106 0.9 0.005895751248630599 129.80208897590637
107 0.9 0.00308678372176958 131.8524718284607
108 0.9 0.005836926759179731 133.87752294540405
109 0.9 0.005836926759179731 135.92623138427734
110 0.9 0.01574778148518266 137.9920310974121
111 0.9 0.03356509513108769 140.08085799217224
112 0.9 0.015875360949330505 142.18179059028625
113 0.9 0.015875360949330505 144.31138920783997
114 0.9 0.03350585052860774 146.4786660671234
115 0.9 0.05717537210705457 148.62748408317566
116 0.9 0.03332843593488322 150.80548620224
117 0.9 0.03332843593488322 152.99476099014282
118 0.9 0.033328435934883216 155.2094280719757
119 0.9 0.016747981896380503 157.43155908584595
120 0.9 0.006608250710051466 159.66949152946472
121 0.9 0.006608250710051466 161.92500376701355
122 0.9 0.006608250710051471 164.2054226398468
123 0.9 0.002997900204877406 167.56573247909546
124 0.9 0.005619190555038798 169.90233159065247
125 0.9 0.005619190555038798 172.2586007118225
126 0.9 0.005619190555038799 174.63082790374756
127 0.9 0.005619190555038797 177.02091097831726
128 0.9 0.0028319616422729796 180.58470058441162
129 0.9 0.0028319616422729796 184.16949701309204
130 0.9 0.005489994001520449 187.69270062446594
131 0.9 0.0029283758992736837 191.3312520980835
132 0.9 0.006000088807630643 194.92050075531006
133 0.9 0.006000088807630643 198.54001641273499
134 0.9 0.002773227634844053 202.24910044670105
135 0.9 0.005239856499385012 205.90138387680054
136 0.9 0.005239856499385012 209.58272314071655
137 0.9 0.005239856499385012 213.2877824306488
138 0.9 0.0027782802491379613 217.171701669693
139 0.9 0.005713172000470033 220.9884250164032
140 0.9 0.013488078200297906 224.82032442092896
141 0.9 0.013488078200297906 228.66871547698975
142 0.9 0.005632381760633082 231.4498929977417
143 0.9 0.0028430975615070684 235.46700763702393
144 0.9 0.004690179346042022 239.4669795036316
145 0.9 0.004690179346042022 243.49902510643005
146 0.9 0.011228321343221255 247.53488159179688
147 0.9 0.022416191966075187 250.37451934814453
148 0.9 0.022416191966075187 253.2333278656006
149 0.9 0.022416191966075187 256.1134066581726
150 0.9 0.011352705636546806 260.26361656188965
151 0.9 0.011352705636546806 264.4442546367645
152 0.9 0.004874537272934831 268.61378717422485
153 0.9 0.004874537272934831 272.8049771785736
154 0.9 0.004874537272934829 277.0282871723175
155 0.9 0.0027382080014340636 281.3946325778961
156 0.9 0.004837365080291312 284.38199615478516
157 0.9 0.004837365080291312 287.39676094055176
158 0.9 0.0027518425319984375 291.8291075229645
159 0.9 0.004825061409296441 296.17069959640503
160 0.9 0.010941966481775183 299.2334213256836
161 0.9 0.010941966481775183 302.31196212768555
162 0.9 0.021035751746799343 306.7791862487793
163 0.9 0.021035751746799343 311.2778604030609
164 0.9 0.010967842484275365 315.8050880432129
165 0.9 0.010967842484275365 320.3570053577423
166 0.9 0.004901100631093106 324.9032869338989
167 0.9 0.011002774020072444 329.5177447795868
168 0.9 0.00489939575481626 332.7833516597748
169 0.9 0.00489939575481626 336.07445430755615
170 0.9 0.0048993957548162615 339.3838086128235
171 0.9 0.002436888299775647 342.7288327217102
172 0.9 0.002436888299775647 346.1035795211792
173 0.9 0.002436888299775647 349.49706983566284
174 0.9 0.0035862337330971644 354.28598046302795
175 0.9 0.00826863737412144 357.6593294143677
176 0.9 0.00826863737412144 361.05185747146606
177 0.9 0.00826863737412144 364.4559233188629
178 0.9 0.0036292483618079216 367.93439841270447
179 0.9 0.0024470093060915458 372.93553018569946
180 0.9 0.003593286967851118 377.9019079208374
181 0.9 0.003593286967851118 382.9088764190674
182 0.9 0.008053383204483138 386.4658203125
183 0.9 0.015720483732663264 391.5064067840576
184 0.9 0.008084509761295633 395.10022616386414
185 0.9 0.008084509761295633 398.70990109443665
186 0.9 0.003646202540857945 403.88699412345886
187 0.9 0.008148144021668866 409.04582357406616
188 0.9 0.0037171202461624836 414.2417137622833
189 0.9 0.0037171202461624836 419.4555985927582
190 0.9 0.0037171202461624814 424.7112216949463
191 0.9 0.00797320118139182 430.0278685092926
192 0.9 0.015343170618769117 435.3615629673004
193 0.9 0.015343170618769117 440.7283046245575
194 0.9 0.025595918568216438 446.09275674819946
195 0.9 0.01538632073533072 451.52676153182983
196 0.9 0.025531210511630834 456.9408657550812
197 0.9 0.025531210511630834 462.3748424053192
198 0.9 0.03847669793563214 466.2395782470703
199 0.9 0.03847669793563214 470.1313147544861
200 0.9 0.05407077579502967 474.04250049591064
201 0.9 0.05407077579502967 477.965126991272
202 0.9 0.03855233274639546 481.91592621803284
203 0.9 0.02572002261763799 485.8732342720032
204 0.9 0.015660338897845502 489.84800267219543
205 0.9 0.015660338897845502 493.84820199012756
206 0.9 0.008397398442515112 497.8543026447296
207 0.9 0.0038097061447618877 501.86894369125366
208 0.9 0.0038097061447618877 505.9104287624359
209 0.9 0.0038097061447618877 509.9747860431671
210 0.9 0.001817380968241005 514.0308334827423
211 0.9 0.002370724815104549 518.0755178928375
212 0.9 0.0017977638218667263 522.1966083049774
213 0.9 0.0017977638218667263 526.3317546844482
214 0.9 0.0023628598265494918 530.4837265014648
215 0.9 0.00539165005766156 534.623584985733
216 0.9 0.01092118943586486 538.7770810127258
217 0.9 0.01092118943586486 542.9636962413788
218 0.9 0.018670224033963012 547.1706984043121
219 0.9 0.028873759487746044 551.4236192703247
220 0.9 0.0414384594529209 554.7139778137207
221 0.9 0.0414384594529209 558.0096626281738
222 0.9 0.0562587351705752 561.3263096809387
223 0.9 0.041499385002181054 564.6644084453583
224 0.9 0.02909893414432195 568.0105724334717
225 0.9 0.02909893414432195 571.3711740970612
226 0.9 0.02909893414432193 574.7530415058136
227 0.9 0.041400830249430795 578.1057753562927
228 0.9 0.02912102724536085 581.4755074977875
229 0.9 0.02912102724536085 584.8701090812683
230 0.9 0.019253305942934774 589.2792234420776
231 0.9 0.011521004784450424 593.7025220394135
232 0.9 0.005981412782465671 598.1913404464722
233 0.9 0.005981412782465671 602.707275390625
