0.5 0.29337253387766465 6 0.46181154251098633
0.5050505050505051 0.2859388602069882 6 0.40180325508117676
0.51010101010101 0.27872497166252586 6 0.4020657539367676
0.5151515151515151 0.2717231792260257 6 0.40093445777893066
0.5202020202020202 0.2649261174336065 6 0.38376283645629883
0.5252525252525253 0.25832672781157284 6 0.38474607467651367
0.5303030303030303 0.25191824336251173 6 0.38386988639831543
0.5353535353535354 0.24569417401754062 6 0.3849475383758545
0.5404040404040404 0.2396482929792591 6 0.3838992118835449
0.5454545454545454 0.23377462388731107 6 0.38506221771240234
0.5505050505050505 0.2280674284179379 6 0.3846428394317627
0.5555555555555556 0.2225211962526155 6 0.38549208641052246
0.5606060606060606 0.21713063231734683 6 0.3847038745880127
0.5656565656565656 0.2118906483171262 6 0.3850274085998535
0.5707070707070707 0.20679635183686662 6 0.3836672306060791
0.5757575757575758 0.20184303888032498 6 0.3848240375518799
0.5808080808080808 0.19702618429481134 6 0.38375258445739746
0.5858585858585859 0.1923414339875813 6 0.3850524425506592
0.5909090909090909 0.18778459730182562 6 0.3840165138244629
0.595959595959596 0.1833516397965988 6 0.3843045234680176
0.601010101010101 0.1790386764055194 6 0.3833465576171875
0.6060606060606061 0.1748419649510159 6 0.3830893039703369
0.6111111111111112 0.17075789999265562 6 0.3818056583404541
0.6161616161616161 0.16678300698970902 6 0.3828287124633789
0.6212121212121212 0.16291393675957774 6 0.400057315826416
0.6262626262626263 0.1591474602150774 6 0.39873409271240234
0.6313131313131313 0.15548046336482624 6 0.3996915817260742
0.6363636363636364 0.15190994256214957 6 0.3997187614440918
0.6414141414141414 0.14843299998901544 6 0.3804593086242676
0.6464646464646464 0.1450468393625267 6 0.3809945583343506
0.6515151515151515 0.14174876185248197 6 0.38115692138671875
0.6565656565656566 0.13853616219941706 6 0.3804333209991455
0.6616161616161617 0.135406525023517 6 0.3808736801147461
0.6666666666666667 0.13235742131556677 6 0.38066935539245605
0.6717171717171717 0.4992721992890674 4 0.12858271598815918
0.6767676767676768 0.4920804293196666 4 0.12819361686706543
0.6818181818181819 0.4850282977908087 4 0.12826776504516602
0.6868686868686869 0.47811241957372874 4 0.12847614288330078
0.6919191919191919 0.471329510458681 4 0.12826776504516602
0.696969696969697 0.4646763834788688 4 0.12840485572814941
0.702020202020202 0.45822099515532516 4 0.1286921501159668
0.7070707070707071 0.45181833792263465 4 0.12847256660461426
0.7121212121212122 0.44546521147873025 4 0.1283724308013916
0.7171717171717171 0.43930116817500503 4 0.1284923553466797
0.7222222222222222 0.43325231275582404 4 0.1281430721282959
0.7272727272727273 0.42731597281314926 4 0.12816977500915527
0.7323232323232324 0.4214895514524382 4 0.12844395637512207
0.7373737373737375 0.41577052468165226 4 0.128173828125
0.7424242424242424 0.41015643890679937 4 0.1282498836517334
0.7474747474747475 0.4046449085293508 4 0.12858057022094727
0.7525252525252526 0.3992336136411372 4 0.12825441360473633
0.7575757575757576 0.39392029781272647 4 0.12816262245178223
0.7626262626262627 0.388702765971564 4 0.12828898429870605
0.7676767676767677 0.3835788823664596 4 0.12818360328674316
0.7727272727272727 0.37854656861543623 4 0.12810397148132324
0.7777777777777778 0.37360380183409914 4 0.12825632095336914
0.7828282828282829 0.3687486128421524 4 0.1281416416168213
0.7878787878787878 0.3639790844459073 4 0.12798285484313965
0.7929292929292929 0.3592933497949465 4 0.1282978057861328
0.797979797979798 0.3546895908113981 4 0.12806224822998047
0.803030303030303 0.3501660366905215 4 0.1282491683959961
0.8080808080808082 0.34572096247147427 4 0.12839698791503906
0.8131313131313131 0.3413526876774258 4 0.1282188892364502
0.8181818181818182 0.3370595750241141 4 0.1279764175415039
0.8232323232323233 0.33284002919604316 4 0.12835454940795898
0.8282828282828283 0.32869249568943637 4 0.12805581092834473
0.8333333333333334 0.3246154597206564 4 0.127882719039917
0.8383838383838385 0.32060744519852913 4 0.12792611122131348
0.8434343434343434 0.3168814240180781 4 0.1280841827392578
0.8484848484848485 0.3130106990840784 4 0.1280529499053955
0.8535353535353536 0.3092046797266433 4 0.12828350067138672
0.8585858585858586 0.30546198004938657 4 0.12791919708251953
0.8636363636363636 0.30156156445663873 4 0.12765288352966309
0.8686868686868687 0.29816112634338293 4 0.12817120552062988
0.8737373737373737 0.29460032826843957 4 0.12817764282226562
0.8787878787878789 0.2910975610679475 4 0.12784290313720703
0.8838383838383839 0.28765156467513026 4 0.12807321548461914
0.8888888888888888 0.28402462759239777 4 0.1275472640991211
0.893939393939394 0.2806886255769947 4 0.12767314910888672
0.898989898989899 0.27740664407708276 4 0.12776470184326172
0.9040404040404041 0.2741776362782877 4 0.1276991367340088
0.9090909090909092 0.2710005829192908 4 0.12759160995483398
0.9141414141414141 0.2678744913066443 4 0.1278688907623291
0.9191919191919192 0.2647983942582004 4 0.12757015228271484
0.9242424242424243 0.26177134898093884 4 0.12752628326416016
0.9292929292929293 0.2587924358950823 4 0.12770724296569824
0.9343434343434344 0.2560286981075189 4 0.12756943702697754
0.9393939393939394 0.25313483555044597 4 0.12758755683898926
0.9444444444444444 0.2502858710686033 4 0.1278059482574463
0.9494949494949496 0.24748110341797053 4 0.12752795219421387
0.9545454545454546 0.24471986282786098 4 0.1276090145111084
0.9595959595959596 0.24200150481121063 4 0.1276721954345703
0.9646464646464648 0.2393253907160809 4 0.12753701210021973
0.9696969696969697 0.23669090108138602 4 0.1275806427001953
0.9747474747474748 0.23409740703469367 4 0.12763690948486328
0.9797979797979799 0.23154427568125993 4 0.1273205280303955
0.9848484848484849 0.22903086448775167 4 0.12753868103027344
0.98989898989899 0.22655651978221458 4 0.12752199172973633
0.994949494949495 0.22412057701706334 4 0.1275620460510254
1.0 0.22172236244854424 4 0.12727761268615723
