0.5 0.29337253387766465 6 0.44011664390563965
0.5050505050505051 0.2859388602069882 6 0.38233065605163574
0.51010101010101 0.27872497166252586 6 0.38211917877197266
0.5151515151515151 0.2717231792260257 6 0.3815009593963623
0.5202020202020202 0.2649261174336065 6 0.36493897438049316
0.5252525252525253 0.25832672781157284 6 0.36531782150268555
0.5303030303030303 0.25191824336251173 6 0.36900877952575684
0.5353535353535354 0.24569417401754062 6 0.36617279052734375
0.5404040404040404 0.2396482929792591 6 0.3676025867462158
0.5454545454545454 0.23377462388731107 6 0.36556005477905273
0.5505050505050505 0.2280674284179379 6 0.3679366111755371
0.5555555555555556 0.2225211962526155 6 0.3664665222167969
0.5606060606060606 0.21713063231734683 6 0.3666715621948242
0.5656565656565656 0.2118906483171262 6 0.36500096321105957
0.5707070707070707 0.20679635183686662 6 0.36673760414123535
0.5757575757575758 0.20184303888032498 6 0.36574864387512207
0.5808080808080808 0.19702618429481134 6 0.3659968376159668
0.5858585858585859 0.1923414339875813 6 0.36576271057128906
0.5909090909090909 0.18778459730182562 6 0.3664112091064453
0.595959595959596 0.1833516397965988 6 0.36789703369140625
0.601010101010101 0.1790386764055194 6 0.3654048442840576
0.6060606060606061 0.1748419649510159 6 0.36345672607421875
0.6111111111111112 0.17075789999265562 6 0.36508631706237793
0.6161616161616161 0.16678300698970902 6 0.36647772789001465
0.6212121212121212 0.16291393675957774 6 0.38077259063720703
0.6262626262626263 0.1591474602150774 6 0.37946557998657227
0.6313131313131313 0.15548046336482624 6 0.37991905212402344
0.6363636363636364 0.15190994256214957 6 0.3806285858154297
0.6414141414141414 0.14843299998901544 6 0.36175537109375
0.6464646464646464 0.1450468393625267 6 0.36243462562561035
0.6515151515151515 0.14174876185248197 6 0.3624098300933838
0.6565656565656566 0.13853616219941706 6 0.36286258697509766
0.6616161616161617 0.135406525023517 6 0.3621833324432373
0.6666666666666667 0.13235742131556677 6 0.3642134666442871
0.6717171717171717 0.4992721992890674 4 0.1226799488067627
0.6767676767676768 0.4920804293196666 4 0.12257957458496094
0.6818181818181819 0.4850282977908087 4 0.12265396118164062
0.6868686868686869 0.47811241957372874 4 0.12273240089416504
0.6919191919191919 0.471329510458681 4 0.12281250953674316
0.696969696969697 0.4646763834788688 4 0.12297916412353516
0.702020202020202 0.45822099515532516 4 0.12436771392822266
0.7070707070707071 0.45181833792263465 4 0.12301087379455566
0.7121212121212122 0.44546521147873025 4 0.12278580665588379
0.7171717171717171 0.43930116817500503 4 0.12258338928222656
0.7222222222222222 0.43325231275582404 4 0.12254810333251953
0.7272727272727273 0.42731597281314926 4 0.12275123596191406
0.7323232323232324 0.4214895514524382 4 0.12246322631835938
0.7373737373737375 0.41577052468165226 4 0.12265515327453613
0.7424242424242424 0.41015643890679937 4 0.12257981300354004
0.7474747474747475 0.4046449085293508 4 0.12250447273254395
0.7525252525252526 0.3992336136411372 4 0.12310671806335449
0.7575757575757576 0.39392029781272647 4 0.12257146835327148
0.7626262626262627 0.388702765971564 4 0.1225895881652832
0.7676767676767677 0.3835788823664596 4 0.12267899513244629
0.7727272727272727 0.37854656861543623 4 0.12254548072814941
0.7777777777777778 0.37360380183409914 4 0.12221002578735352
0.7828282828282829 0.3687486128421524 4 0.12232470512390137
0.7878787878787878 0.3639790844459073 4 0.12247586250305176
0.7929292929292929 0.3592933497949465 4 0.12238550186157227
0.797979797979798 0.3546895908113981 4 0.12249398231506348
0.803030303030303 0.3501660366905215 4 0.12236499786376953
0.8080808080808082 0.34572096247147427 4 0.1224522590637207
0.8131313131313131 0.3413526876774258 4 0.12278199195861816
0.8181818181818182 0.3370595750241141 4 0.12280082702636719
0.8232323232323233 0.33284002919604316 4 0.1223757266998291
0.8282828282828283 0.32869249568943637 4 0.12228226661682129
0.8333333333333334 0.3246154597206564 4 0.12213373184204102
0.8383838383838385 0.32060744519852913 4 0.12221503257751465
0.8434343434343434 0.3168814240180781 4 0.12217140197753906
0.8484848484848485 0.3130106990840784 4 0.12252283096313477
0.8535353535353536 0.3092046797266433 4 0.12227439880371094
0.8585858585858586 0.30546198004938657 4 0.12231254577636719
0.8636363636363636 0.30156156445663873 4 0.12336921691894531
0.8686868686868687 0.29816112634338293 4 0.12236166000366211
0.8737373737373737 0.29460032826843957 4 0.12234258651733398
0.8787878787878789 0.2910975610679475 4 0.12340235710144043
0.8838383838383839 0.28765156467513026 4 0.12228178977966309
0.8888888888888888 0.28402462759239777 4 0.12214183807373047
0.893939393939394 0.2806886255769947 4 0.12222480773925781
0.898989898989899 0.27740664407708276 4 0.12212538719177246
0.9040404040404041 0.2741776362782877 4 0.1222836971282959
0.9090909090909092 0.2710005829192908 4 0.12255239486694336
0.9141414141414141 0.2678744913066443 4 0.1217954158782959
0.9191919191919192 0.2647983942582004 4 0.12212824821472168
0.9242424242424243 0.26177134898093884 4 0.1223595142364502
0.9292929292929293 0.2587924358950823 4 0.12197232246398926
0.9343434343434344 0.2560286981075189 4 0.12220096588134766
0.9393939393939394 0.25313483555044597 4 0.12287521362304688
0.9444444444444444 0.2502858710686033 4 0.12241411209106445
0.9494949494949496 0.24748110341797053 4 0.12223052978515625
0.9545454545454546 0.24471986282786098 4 0.12261056900024414
0.9595959595959596 0.24200150481121063 4 0.12186884880065918
0.9646464646464648 0.2393253907160809 4 0.12196707725524902
0.9696969696969697 0.23669090108138602 4 0.12209606170654297
0.9747474747474748 0.23409740703469367 4 0.12179160118103027
0.9797979797979799 0.23154427568125993 4 0.12206196784973145
0.9848484848484849 0.22903086448775167 4 0.1218714714050293
0.98989898989899 0.22655651978221458 4 0.12173843383789062
0.994949494949495 0.22412057701706334 4 0.12185335159301758
1.0 0.22172236244854424 4 0.12250113487243652
