0.5 0.21798784348592995 747 3609.400907278061
0.505 0.20219107000600317 747 3609.621652364731
0.51 0.19550422791387803 749 3605.8888442516327
0.515 0.17197972826688082 751 3609.6450922489166
0.52 0.15947140747637742 754 3601.1593227386475
0.525 0.1479012980930681 756 3602.5413448810577
0.53 0.1445533075573478 758 3610.2878432273865
0.535 0.12896716460507582 760 3608.2431104183197
0.54 0.11969647770343607 761 3601.4954710006714
0.545 0.12960260161613402 764 3602.936126470566
0.55 0.12059536802519365 766 3605.4858887195587
0.555 0.0884452038741584 769 3610.773553133011
0.56 0.09294721745931818 773 3604.9968531131744
0.565 0.081688202944626 776 3608.800413131714
0.5700000000000001 0.08094740274457145 778 3610.6711661815643
0.575 0.07513484738090391 778 3601.6216287612915
0.58 0.06844433172739224 780 3608.4245591163635
0.585 0.06348367936243854 780 3600.113010406494
0.59 0.06865696994313872 782 3609.561371564865
0.595 0.04918720832617557 750 3444.3928093910217
0.6 0.0480141897971926 611 2577.7709305286407
0.605 0.04930093711933794 516 1590.9219508171082
0.61 0.046014730440705955 516 1588.7750911712646
0.615 0.048592698072114 324 690.4848952293396
0.62 0.047435413952259295 210 300.2651765346527
0.625 0.044664636758288495 210 299.8958275318146
0.63 0.04205851496450484 210 297.5496678352356
0.635 0.04970561715535634 71 30.406188249588013
0.64 0.049001243274889784 68 27.543672800064087
0.645 0.04971444188558914 68 27.72591757774353
0.65 0.04940256883580122 43 11.69238567352295
0.655 0.04718404103352395 43 11.69226622581482
0.66 0.0450676274247634 43 11.336228847503662
0.665 0.04957000891743806 35 8.279859066009521
0.67 0.04749737835394533 35 8.277628660202026
0.675 0.04551370085011697 35 8.294253587722778
0.6799999999999999 0.04361504974295614 35 8.287925958633423
0.685 0.04179767577305796 35 8.282203912734985
0.69 0.04931226213254433 30 6.669221878051758
0.6950000000000001 0.047425840224719636 30 6.66850209236145
0.7 0.0456155792621568 30 6.668029308319092
0.7050000000000001 0.04387867063150833 30 6.665894031524658
0.71 0.0491412916310778 15 1.4095656871795654
0.715 0.047547040506042464 15 1.4082164764404297
0.72 0.04600692664011322 15 1.407301664352417
0.725 0.04451900461082704 15 1.5850250720977783
0.73 0.04886947674123052 12 0.9400057792663574
0.735 0.04737239158337137 12 0.9421975612640381
0.74 0.045922937920230375 12 0.9414124488830566
0.745 0.044519523512940536 12 0.9410557746887207
0.75 0.04316061292475259 12 0.9408609867095947
0.755 0.04184472530819088 12 0.9070920944213867
0.76 0.04057043228996597 12 0.9392502307891846
0.765 0.04995468654759976 8 0.362091064453125
0.77 0.04859028518934029 8 0.360898494720459
0.775 0.04726494477024782 8 0.36051392555236816
0.78 0.0459774867897412 8 0.3621246814727783
0.785 0.04472677077058256 8 0.3607325553894043
0.79 0.04351169292413195 8 0.36046433448791504
0.7949999999999999 0.042331184866963946 8 0.3617827892303467
0.8 0.04118421181635055 8 0.3595716953277588
0.8049999999999999 0.04006977369540427 8 0.35964417457580566
0.81 0.03898690054143212 8 0.3614652156829834
0.815 0.037934653717885604 8 0.359649658203125
0.8200000000000001 0.03691212427839793 8 0.359483003616333
0.825 0.03591843195054061 8 0.36066412925720215
0.8300000000000001 0.034952724157773396 8 0.3590207099914551
0.835 0.03401417507800457 8 0.3592557907104492
0.8400000000000001 0.03310198473725119 8 0.3601212501525879
0.845 0.03221537813695743 8 0.35987281799316406
0.8500000000000001 0.03135360441359531 8 0.35907626152038574
0.855 0.030515936029231167 8 0.3594181537628174
0.86 0.02970166799177355 8 0.3600955009460449
0.865 0.028910117103886617 8 0.35889744758605957
0.87 0.02814062123895847 8 0.3593885898590088
0.875 0.027407343270790578 8 0.3601863384246826
0.88 0.02667977027779963 8 0.3584764003753662
0.885 0.025972379374246055 8 0.3582453727722168
0.89 0.025284586175506385 8 0.36017537117004395
0.895 0.024615824135306177 8 0.35860538482666016
0.9 0.04925725780715592 6 0.1808302402496338
0.905 0.0482680218395941 6 0.18098902702331543
0.91 0.04733282051185011 6 0.1825263500213623
0.915 0.046418164075908576 6 0.18116545677185059
0.9199999999999999 0.04552355873910259 6 0.18092751502990723
0.925 0.044712322666776924 6 0.1807234287261963
0.9299999999999999 0.04377160136366804 6 0.18075871467590332
0.935 0.04293492288464057 6 0.18104910850524902
0.94 0.042116427394344666 6 0.18138360977172852
0.9450000000000001 0.041539473314227277 6 0.1829526424407959
0.95 0.04074992392651517 6 0.18067717552185059
0.9550000000000001 0.03997760019066093 6 0.18079304695129395
0.96 0.03908340726696109 6 0.18039512634277344
0.9650000000000001 0.038347358402830996 6 0.18080496788024902
0.97 0.037627139576407266 6 0.1806182861328125
0.9750000000000001 0.0369223793818485 6 0.18258261680603027
0.98 0.036232715942498876 6 0.18067502975463867
0.985 0.03568351689658704 6 0.18058180809020996
0.99 0.03502106718297194 6 0.18027901649475098
0.995 0.034372917508111965 6 0.18048834800720215
