1000 2.0 4.03748825773766e-05 28.10162329673767
2000 2.0 2.2888206023913223e-05 58.12384653091431
3000 2.0 5.721138701519553e-06 89.54942345619202
4000 2.0 5.662651021586187e-06 196.62037253379822
5000 2.0 1.2579212191389647e-06 233.5612986087799
6000 2.0 4.63936404959735e-07 414.9911811351776
7000 2.0 2.405031989510721e-05 380.14044666290283
8000 2.0 1.6786686589538858e-09 432.893435716629
9000 2.0 5.13980303099901e-07 497.1421768665314
10000 2.0 9.009502368436524e-06 708.5315999984741
11000 2.0 1.2586622157471948e-06 528.8050117492676
12000 2.0 3.963810940714531e-06 292.15643787384033
13000 2.0 5.039454441113131e-07 415.7886333465576
14000 2.0 2.5424148134132647e-06 450.2509744167328
15000 2.0 4.3577205123219795e-07 372.394672870636
16000 2.0 5.2452151833158034e-06 1162.872165441513
17000 2.0 2.8551909624725197e-06 1238.4834024906158
18000 2.0 7.339167569633592e-07 1308.8216512203217
19000 2.0 8.698436315679669e-06 1383.706647157669
20000 2.0 4.072824300013088e-06 1461.0138657093048
21000 2.0 7.782196291065832e-06 1551.9475145339966
22000 2.0 4.49652932199246e-10 1278.5204362869263
23000 2.0 1.2742660753828704e-06 1694.2639365196228
24000 2.0 6.156115008742938e-06 1774.824116230011
25000 2.0 1.3534860307441362e-06 974.1847457885742
26000 2.0 1.281993099293273e-07 1353.750126361847
27000 2.0 2.533702263545788e-07 1306.0778250694275
28000 2.0 1.4693961128086443e-08 1349.513680934906
29000 2.0 5.955628573285233e-07 758.141003370285
30000 2.0 8.047318179909415e-07 1009.997974395752
31000 2.0 4.672313381104297e-06 2149.631189584732
32000 2.0 1.0834859688575265e-05 1101.635540485382
33000 2.0 5.752323784954106e-07 1133.124058008194
34000 2.0 7.711970268678371e-07 917.5852599143982
35000 2.0 1.8234124623507406e-07 1200.1241283416748
36000 2.0 2.2727592658848735e-08 2786.744628429413
37000 2.0 2.500390564092158e-07 2275.2934675216675
38000 2.0 1.2515075630661906e-06 2905.1326355934143
39000 2.0 5.009030155422624e-08 1542.2114050388336
40000 2.0 8.987128070110609e-08 1068.6535124778748
41000 2.0 1.34998282421275e-07 1823.5076282024384
42000 2.0 1.5906643018686904e-06 2265.6414873600006
43000 2.0 7.042847579046673e-06 2402.7928309440613
44000 2.0 4.780089046490182e-07 3276.826262950897
45000 2.0 1.0534934188265313e-08 3319.3888630867004
46000 2.0 5.115430019018964e-07 4952.948850154877
47000 2.0 1.869247821427599e-06 4997.603801250458
48000 2.0 3.331980551875249e-06 2853.375422477722
49000 2.0 5.326892620995687e-06 1773.3492093086243
50000 2.0 5.881365857838667e-07 1678.5948903560638
51000 2.0 5.376340041817567e-07 4050.5886380672455
52000 2.0 1.392652816663304e-07 3666.595993041992
53000 2.0 3.1978319482428234e-07 2124.7466599941254
54000 2.0 5.649178148186584e-07 2067.598916053772
55000 2.0 1.0862269991334037e-07 2099.3697860240936
56000 2.0 5.3355969834704454e-08 2321.691368818283
57000 2.0 2.17256231200907e-06 2050.4136939048767
58000 2.0 2.316256035858416e-06 2076.998044013977
59000 2.0 3.946304956564146e-06 3864.4623761177063
60000 2.0 3.775539714885192e-06 4129.993866443634
61000 2.0 3.4037315525547577e-06 4878.725398778915
62000 2.0 2.6584517105666485e-06 3588.3101778030396
63000 2.0 8.795694902277497e-07 2363.7008759975433
64000 2.0 2.9146915973373437e-06 2276.7595522403717
65000 2.0 1.2066160268649372e-07 3184.7773492336273
66000 2.0 1.565131600644438e-08 2447.8581144809723
67000 2.0 2.919851752132017e-07 2462.2803711891174
68000 2.0 9.468056449510516e-08 3544.3984565734863
69000 2.0 1.4217945056859262e-06 2505.335355758667
70000 2.0 2.331979939843002e-06 3520.7071578502655
71000 2.0 9.893516171143615e-07 2790.8280103206635
72000 2.0 2.4009149482504487e-07 2658.7984721660614
73000 2.0 1.7157870386357924e-07 2704.826654434204
74000 2.0 1.0861966565949238e-06 2981.915997982025
75000 2.0 4.2952214490361373e-07 2770.969743490219
76000 2.0 4.054865158182041e-09 3969.5191147327423
77000 2.0 1.198475686069575e-07 3972.3916144371033
78000 2.0 2.274644111493164e-09 4078.058580636978
79000 2.0 8.172947671401435e-08 4516.355998039246
80000 2.0 1.5255031477376738e-08 3950.486748933792
81000 2.0 1.2499384348265802e-09 6946.771054983139
82000 2.0 1.9613350529805327e-07 4478.80247759819
83000 2.0 8.079041812236422e-07 3127.6996352672577
84000 2.0 1.2459400422006873e-09 4177.198621749878
85000 2.0 2.2598236164044098e-07 4232.847791671753
86000 2.0 1.2784355963941234e-06 6780.0958824157715
87000 2.0 3.758307564011407e-07 3290.998100042343
88000 2.0 2.64811403073614e-07 5033.092983484268
89000 2.0 3.1968306100001477e-07 4439.343741893768
90000 2.0 6.68811934909227e-08 4475.525858879089
91000 2.0 1.1331874922746342e-07 5643.057945728302
92000 2.0 5.288187739549416e-09 6481.6797132492065
93000 2.0 3.8123001099194304e-07 5378.6448402404785
94000 2.0 6.697066884866424e-07 4715.496969938278
95000 2.0 2.3119737995082007e-06 4613.19442486763
96000 2.0 3.5431127117440186e-06 7177.131511688232
97000 2.0 2.9496298252687417e-06 5411.450700759888
98000 2.0 1.0432231514962421e-06 5124.88985657692
99000 2.0 8.711566619065226e-07 3607.515798330307
100000 2.0 4.930731167706312e-07 3607.138880968094